In [9]: display(test_grid)
   2468      9        1    |    5       3468      7    |   2346     2346     2346
    5        2        3    |    46       46       1    |    7        8        9
   4678      68      4678  |    9        2       368   |  13456    13456    13456
---------------------------+---------------------------+---------------------------
  123689     4      25689  |  23678   1356789   23568  |  123568  1235679  1235678
  123689   123568   25689  |  234678  13456789  23568  | 1234568  12345679 12345678
  123689     7      25689  |  23468   1345689   23568  | 1234568  1234569  1234568
---------------------------+---------------------------+---------------------------
 1234678   123568   245678 |  23678    35678      9    | 1234568  1234567  12345678
 2346789   23568   2456789 |    1      35678    23568  |  234568   234567  2345678
  123678   123568   25678  |  23678    35678      4    |    9      123567  1235678

In [10]: new_grid = naked_twins(test_grid)
twin_boxes ['C2', 'B4', 'B5']
B4 B5
B5 B4

In [11]: display(new_grid)
   2468      9        1    |    5        38       7    |   2346     2346     2346
    5        2        3    |    46       46       1    |    7        8        9
   4678      68      4678  |    9        2        38   |  13456    13456    13456
---------------------------+---------------------------+---------------------------
  123689     4      25689  |  23678   1356789   23568  |  123568  1235679  1235678
  123689   123568   25689  |  234678  13456789  23568  | 1234568  12345679 12345678
  123689     7      25689  |  23468   1345689   23568  | 1234568  1234569  1234568
---------------------------+---------------------------+---------------------------
 1234678   123568   245678 |  23678    35678      9    | 1234568  1234567  12345678
 2346789   23568   2456789 |    1      35678    23568  |  234568   234567  2345678
  123678   123568   25678  |  23678    35678      4    |    9      123567  1235678

